2 0.13784764207980654 0.33547008547008544 0.09673518742442563 0.12735042735042734
2 0.15417170495767835 0.11965811965811966 0.13663845223700122 0.13333333333333333
2 0.36577992744860943 0.7205128205128205 0.08585247883917775 0.15555555555555556
2 0.46130592503022977 0.09743589743589744 0.06166868198307134 0.08547008547008547
2 0.8343409915356711 0.144017094017094 0.17654171704957677 0.14102564102564102
2 0.7660217654171705 0.27735042735042736 0.008464328899637243 0.026495726495726495
2 0.8530834340991535 0.5572649572649573 0.1003627569528416 0.12307692307692308
2 0.7503022974607013 0.3935897435897436 0.0592503022974607 0.10341880341880341
2 0.12515114873035066 0.6995726495726495 0.06892382103990327 0.09829059829059829
2 0.6469165659008465 0.10085470085470086 0.04353083434099154 0.1282051282051282
2 0.8518742442563483 0.7589743589743589 0.13663845223700122 0.19829059829059828
2 0.4528415961305925 0.32094017094017097 0.11003627569528417 0.08461538461538462
2 0.5767835550181378 0.39145299145299145 0.060459492140266025 0.13846153846153847
